0.043
0.027
0.041
0.042
0.030
0.048
0.043
0.047
0.047
0.042
0.032
0.047
0.042
0.030
0.028
0.058
0.031
0.046
0.043
0.043
0.030
0.043
0.029
0.052
0.052
0.044
0.029
0.048
0.056
0.042
0.046
0.044
0.046
0.046
0.027
0.035
0.026
0.041
0.028
0.028
0.045
0.095
0.046
0.030
0.047
0.051
0.051
0.033
0.041
0.046
0.050
0.048
0.043
0.050
0.030
0.047
0.046
0.027
0.031
0.027
0.029
0.019
0.040
0.041
0.027
0.044
0.032
0.039
0.047
0.030
0.046
0.046
0.030
0.043
0.030
0.034
0.042
0.028
0.044
0.032
0.041
0.029
0.029
0.041
0.037
0.045
0.036
0.030
0.045
0.044
0.046
0.042
0.042
0.045
0.045
0.028
0.045
0.029
0.029
0.029
