302.410
303.363
290.281
298.688
294.716
294.093
299.928
304.914
307.833
303.922
291.698
304.854
301.930
293.184
294.636
294.248
304.926
303.330
295.608
291.584
306.007
295.852
296.510
293.992
295.878
297.330
299.540
297.508
297.140
304.309
299.284
300.703
299.803
303.448
293.460
299.111
297.229
302.775
288.946
305.363
290.812
302.900
300.700
301.349
300.995
302.590
300.944
301.526
302.643
305.754
305.845
300.426
301.494
295.228
300.712
300.896
302.857
292.651
299.198
295.565
295.486
303.067
291.226
291.188
307.141
299.669
305.728
301.295
299.537
292.800
303.173
307.400
306.136
294.540
300.141
297.102
298.425
300.938
306.222
301.466
301.976
304.977
306.205
293.339
302.572
306.387
297.088
299.558
305.900
293.814
307.628
304.525
303.896
307.061
298.068
305.069
305.745
299.894
294.567
303.906
